,3419.53,-240.493,150,150,1,1,0,1,BGTile (1).png
,3711.82,-240.563,150,150,1,1,0,1,BGTile (1).png
,3269.23,-240.563,150,150,1,1,0,1,BGTile (1).png
,2076.86,-240.563,150,150,1,1,0,1,BGTile (1).png
,2226.69,-240.563,150,150,1,1,0,1,BGTile (1).png
,1928.41,-240.563,150,150,1,1,0,1,BGTile (1).png
,2524.19,-240.563,150,150,1,1,0,1,BGTile (1).png
,2674.03,-240.563,150,150,1,1,0,1,BGTile (1).png
,2375.74,-240.563,150,150,1,1,0,1,BGTile (1).png
,2970.17,-240.563,150,150,1,1,0,1,BGTile (1).png
,3120.01,-240.563,150,150,1,1,0,1,BGTile (1).png
,2821.71,-240.563,150,150,1,1,0,1,BGTile (1).png
,3567.52,-240.563,150,150,1,1,0,1,BGTile (1).png
,1633.5,782.335,150,150,1,1,0,1,BGTile (4).png
,3414.17,782.335,150,150,1,1,0,1,BGTile (3).png
,2077.6,782.335,150,150,0,1,0,1,BGTile (4).png
,3711.93,927.381,150,150,1,1,0,1,BGTile (4).png
,444.081,782.335,150,150,0,1,0,1,BGTile (4).png
,3567.7,927.421,150,150,1,1,0,1,BGTile (3).png
,2669.9,782.335,150,150,1,1,0,1,BGTile (4).png
,2520.7,782.335,150,150,1,1,0,1,BGTile (3).png
,2969.16,782.335,150,150,1,1,0,1,BGTile (4).png
,2819.98,782.335,150,150,1,1,0,1,BGTile (3).png
,3267.37,782.335,150,150,1,1,0,1,BGTile (4).png
,3711.94,782.335,150,150,1,1,0,1,BGTile (3).png
,3118.18,782.335,150,150,1,1,0,1,BGTile (3).png
,1928.41,782.335,150,150,1,1,0,1,BGTile (3).png
,2224.74,782.335,150,150,1,1,0,1,BGTile (3).png
,3120.47,927.381,150,150,1,1,0,1,BGTile (4).png
,3269.94,927.421,150,150,1,1,0,1,BGTile (3).png
,2226.16,927.381,150,150,1,1,0,1,BGTile (4).png
,2375.64,927.421,150,150,1,1,0,1,BGTile (3).png
,1928.41,927.381,150,150,1,1,0,1,BGTile (4).png
,2077.88,927.421,150,150,1,1,0,1,BGTile (3).png
,2823.65,927.381,150,150,1,1,0,1,BGTile (4).png
,2973.12,927.421,150,150,1,1,0,1,BGTile (3).png
,2525.89,927.381,150,150,1,1,0,1,BGTile (4).png
,2675.36,927.421,150,150,1,1,0,1,BGTile (3).png
,3562.94,782.644,150,150,1,1,0,1,BGTile (4).png
,3563.36,-92.4452,150,150,1,1,0,1,BGTile (4).png
,3414.17,-92.4452,150,150,1,1,0,1,BGTile (3).png
,2077.6,-92.4452,150,150,1,1,0,1,BGTile (4).png
,3711.93,52.6005,150,150,1,1,0,1,BGTile (4).png
,2373.93,-92.4452,150,150,1,1,0,1,BGTile (4).png
,3567.7,52.64,150,150,1,1,0,1,BGTile (3).png
,2669.9,-92.4452,150,150,1,1,0,1,BGTile (4).png
,2520.7,-92.4452,150,150,1,1,0,1,BGTile (3).png
,2969.16,-92.4452,150,150,1,1,0,1,BGTile (4).png
,2819.98,-92.4452,150,150,1,1,0,1,BGTile (3).png
,3267.37,-92.4452,150,150,1,1,0,1,BGTile (4).png
,3711.94,-92.4452,150,150,1,1,0,1,BGTile (3).png
,3118.18,-92.4452,150,150,1,1,0,1,BGTile (3).png
,1928.41,-92.4452,150,150,1,1,0,1,BGTile (3).png
,2224.74,-92.4452,150,150,1,1,0,1,BGTile (3).png
,3120.47,52.6005,150,150,1,1,0,1,BGTile (4).png
,3269.94,52.64,150,150,1,1,0,1,BGTile (3).png
,2226.16,52.6005,150,150,1,1,0,1,BGTile (4).png
,2375.64,52.64,150,150,1,1,0,1,BGTile (3).png
,1928.41,52.6005,150,150,1,1,0,1,BGTile (4).png
,2077.88,52.64,150,150,1,1,0,1,BGTile (3).png
,2823.65,52.6005,150,150,1,1,0,1,BGTile (4).png
,2973.12,52.64,150,150,1,1,0,1,BGTile (3).png
,2525.89,52.6005,150,150,1,1,0,1,BGTile (4).png
,2675.36,52.64,150,150,1,1,0,1,BGTile (3).png
,3418.22,52.6005,150,150,1,1,0,1,BGTile (4).png
,3563.36,199.126,150,150,1,1,0,1,BGTile (4).png
,3414.17,199.126,150,150,1,1,0,1,BGTile (3).png
,2077.6,199.126,150,150,1,1,0,1,BGTile (4).png
,3711.93,344.172,150,150,1,1,0,1,BGTile (4).png
,2373.93,199.126,150,150,1,1,0,1,BGTile (4).png
,3567.7,344.211,150,150,1,1,0,1,BGTile (3).png
,2669.9,199.126,150,150,1,1,0,1,BGTile (4).png
,2520.7,199.126,150,150,1,1,0,1,BGTile (3).png
,2969.16,199.126,150,150,1,1,0,1,BGTile (4).png
,2819.98,199.126,150,150,1,1,0,1,BGTile (3).png
,3267.37,199.126,150,150,1,1,0,1,BGTile (4).png
,3711.94,199.126,150,150,1,1,0,1,BGTile (3).png
,3118.18,199.126,150,150,1,1,0,1,BGTile (3).png
,1928.41,199.126,150,150,1,1,0,1,BGTile (3).png
,2224.74,199.126,150,150,1,1,0,1,BGTile (3).png
,3120.47,344.172,150,150,1,1,0,1,BGTile (4).png
,3269.94,344.211,150,150,1,1,0,1,BGTile (3).png
,2226.16,344.172,150,150,1,1,0,1,BGTile (4).png
,2375.64,344.211,150,150,1,1,0,1,BGTile (3).png
,1928.41,344.172,150,150,1,1,0,1,BGTile (4).png
,2077.88,344.211,150,150,1,1,0,1,BGTile (3).png
,2823.65,344.172,150,150,1,1,0,1,BGTile (4).png
,2973.12,344.211,150,150,1,1,0,1,BGTile (3).png
,2525.89,344.172,150,150,1,1,0,1,BGTile (4).png
,2675.36,344.211,150,150,1,1,0,1,BGTile (3).png
,3418.22,344.172,150,150,1,1,0,1,BGTile (4).png
,3563.36,490.577,150,150,1,1,0,1,BGTile (4).png
,3414.17,490.577,150,150,1,1,0,1,BGTile (3).png
,2077.6,490.577,150,150,1,1,0,1,BGTile (4).png
,3711.93,635.624,150,150,1,1,0,1,BGTile (4).png
,2373.58,490.577,150,150,1,1,0,1,BGTile (4).png
,3567.7,635.663,150,150,1,1,0,1,BGTile (3).png
,2669.9,490.577,150,150,1,1,0,1,BGTile (4).png
,2520.7,490.577,150,150,1,1,0,1,BGTile (3).png
,2969.16,490.577,150,150,1,1,0,1,BGTile (4).png
,2819.98,490.577,150,150,1,1,0,1,BGTile (3).png
,3267.37,490.577,150,150,1,1,0,1,BGTile (4).png
,3711.94,490.577,150,150,1,1,0,1,BGTile (3).png
,3118.18,490.577,150,150,1,1,0,1,BGTile (3).png
,1928.41,490.577,150,150,1,1,0,1,BGTile (3).png
,2224.74,490.577,150,150,1,1,0,1,BGTile (3).png
,3120.47,635.624,150,150,1,1,0,1,BGTile (4).png
,3269.94,635.663,150,150,1,1,0,1,BGTile (3).png
,2371.39,774.996,150,150,1,1,0,1,BGTile (4).png
,2375.64,635.663,150,150,1,1,0,1,BGTile (3).png
,1928.41,635.624,150,150,1,1,0,1,BGTile (4).png
,2077.88,635.663,150,150,1,1,0,1,BGTile (3).png
,2823.65,635.624,150,150,1,1,0,1,BGTile (4).png
,2973.12,635.663,150,150,1,1,0,1,BGTile (3).png
,2525.89,635.624,150,150,1,1,0,1,BGTile (4).png
,2675.36,635.663,150,150,1,1,0,1,BGTile (3).png
,3418.22,927.381,150,150,1,1,0,1,BGTile (4).png
,1487.82,-240.563,150,150,1,1,0,1,BGTile (1).png
,1781.96,-240.563,150,150,1,1,0,1,BGTile (1).png
,1339.37,-240.563,150,150,1,1,0,1,BGTile (1).png
,147.009,-240.563,150,150,1,1,0,1,BGTile (1).png
,296.839,-240.563,150,150,1,1,0,1,BGTile (1).png
,-1.44771,-240.563,150,150,1,1,0,1,BGTile (1).png
,594.343,-240.563,150,150,1,1,0,1,BGTile (1).png
,744.175,-240.563,150,150,1,1,0,1,BGTile (1).png
,445.886,-240.563,150,150,1,1,0,1,BGTile (1).png
,1040.32,-240.563,150,150,1,1,0,1,BGTile (1).png
,1190.15,-240.563,150,150,1,1,0,1,BGTile (1).png
,891.861,-240.563,150,150,1,1,0,1,BGTile (1).png
,1637.66,-240.563,150,150,1,1,0,1,BGTile (1).png
,1484.31,782.335,150,150,1,1,0,1,BGTile (3).png
,147.743,792.538,150,150,0,1,0,1,BGTile (4).png
,1782.07,927.381,150,150,1,1,0,1,BGTile (4).png
,1637.84,927.421,150,150,1,1,0,1,BGTile (3).png
,740.043,782.335,150,150,1,1,0,1,BGTile (4).png
,590.852,782.335,150,150,1,1,0,1,BGTile (3).png
,1039.31,782.335,150,150,1,1,0,1,BGTile (4).png
,890.124,782.335,150,150,1,1,0,1,BGTile (3).png
,1337.51,782.335,150,150,1,1,0,1,BGTile (4).png
,1782.08,782.335,150,150,1,1,0,1,BGTile (3).png
,1188.32,782.335,150,150,1,1,0,1,BGTile (3).png
,2.167,792.538,150,150,1,1,0,1,BGTile (3).png
,294.89,792.538,150,150,1,1,0,1,BGTile (3).png
,1190.61,927.381,150,150,1,1,0,1,BGTile (4).png
,1340.08,927.421,150,150,1,1,0,1,BGTile (3).png
,296.31,927.381,150,150,1,1,0,1,BGTile (4).png
,445.786,927.421,150,150,1,1,0,1,BGTile (3).png
,-1.44771,927.381,150,150,1,1,0,1,BGTile (4).png
,148.027,927.421,150,150,1,1,0,1,BGTile (3).png
,893.794,927.381,150,150,1,1,0,1,BGTile (4).png
,1043.27,927.421,150,150,1,1,0,1,BGTile (3).png
,596.037,927.381,150,150,1,1,0,1,BGTile (4).png
,745.512,927.421,150,150,1,1,0,1,BGTile (3).png
,1488.36,637.086,150,150,1,1,0,1,BGTile (4).png
,1633.5,-92.4452,150,150,1,1,0,1,BGTile (4).png
,1484.31,-92.4452,150,150,1,1,0,1,BGTile (3).png
,147.743,-92.4452,150,150,1,1,0,1,BGTile (4).png
,1782.07,52.6005,150,150,1,1,0,1,BGTile (4).png
,444.081,-92.4452,150,150,1,1,0,1,BGTile (4).png
,1637.84,52.64,150,150,1,1,0,1,BGTile (3).png
,740.043,-92.4452,150,150,1,1,0,1,BGTile (4).png
,590.852,-92.4452,150,150,1,1,0,1,BGTile (3).png
,1039.31,-92.4452,150,150,1,1,0,1,BGTile (4).png
,890.124,-92.4452,150,150,1,1,0,1,BGTile (3).png
,1337.51,-92.4452,150,150,1,1,0,1,BGTile (4).png
,1782.08,-92.4452,150,150,1,1,0,1,BGTile (3).png
,1188.32,-92.4452,150,150,1,1,0,1,BGTile (3).png
,-1.44771,-92.4452,150,150,1,1,0,1,BGTile (3).png
,294.89,-92.4452,150,150,1,1,0,1,BGTile (3).png
,1190.61,52.6005,150,150,1,1,0,1,BGTile (4).png
,1340.08,52.64,150,150,1,1,0,1,BGTile (3).png
,296.31,52.6005,150,150,1,1,0,1,BGTile (4).png
,445.786,52.64,150,150,1,1,0,1,BGTile (3).png
,-1.44771,52.6005,150,150,1,1,0,1,BGTile (4).png
,148.027,52.64,150,150,1,1,0,1,BGTile (3).png
,893.794,52.6005,150,150,1,1,0,1,BGTile (4).png
,1043.27,52.64,150,150,1,1,0,1,BGTile (3).png
,596.037,52.6005,150,150,1,1,0,1,BGTile (4).png
,745.512,52.64,150,150,1,1,0,1,BGTile (3).png
,1488.36,52.6005,150,150,1,1,0,1,BGTile (4).png
,1633.5,199.126,150,150,1,1,0,1,BGTile (4).png
,1484.31,199.126,150,150,1,1,0,1,BGTile (3).png
,147.743,199.126,150,150,1,1,0,1,BGTile (4).png
,1782.07,344.172,150,150,1,1,0,1,BGTile (4).png
,444.081,199.126,150,150,1,1,0,1,BGTile (4).png
,1637.84,344.211,150,150,1,1,0,1,BGTile (3).png
,740.043,199.126,150,150,1,1,0,1,BGTile (4).png
,590.852,199.126,150,150,1,1,0,1,BGTile (3).png
,1039.31,199.126,150,150,1,1,0,1,BGTile (4).png
,890.124,199.126,150,150,1,1,0,1,BGTile (3).png
,1337.51,199.126,150,150,1,1,0,1,BGTile (4).png
,1782.08,199.126,150,150,1,1,0,1,BGTile (3).png
,1188.32,199.126,150,150,1,1,0,1,BGTile (3).png
,-1.44771,199.126,150,150,1,1,0,1,BGTile (3).png
,294.89,199.126,150,150,1,1,0,1,BGTile (3).png
,1190.61,344.172,150,150,1,1,0,1,BGTile (4).png
,1340.08,344.211,150,150,1,1,0,1,BGTile (3).png
,296.31,344.172,150,150,1,1,0,1,BGTile (4).png
,445.786,344.211,150,150,1,1,0,1,BGTile (3).png
,0.300395,344.172,150,150,1,1,0,1,BGTile (4).png
,148.027,344.211,150,150,1,1,0,1,BGTile (3).png
,893.794,344.172,150,150,1,1,0,1,BGTile (4).png
,1043.27,344.211,150,150,1,1,0,1,BGTile (3).png
COIN,596.037,344.172,150,150,1,1,0,1,BGTile (4).png
,745.512,344.211,150,150,1,1,0,1,BGTile (3).png
,1488.36,344.172,150,150,1,1,0,1,BGTile (4).png
,1633.5,490.577,150,150,1,1,0,1,BGTile (4).png
,1484.31,490.577,150,150,1,1,0,1,BGTile (3).png
,147.743,490.577,150,150,1,1,0,1,BGTile (4).png
,1782.07,635.624,150,150,1,1,0,1,BGTile (4).png
,443.724,490.577,150,150,1,1,0,1,BGTile (4).png
,1637.84,635.663,150,150,1,1,0,1,BGTile (3).png
,740.043,490.577,150,150,1,1,0,1,BGTile (4).png
,590.852,490.577,150,150,1,1,0,1,BGTile (3).png
,1039.31,490.577,150,150,1,1,0,1,BGTile (4).png
,890.124,490.577,150,150,1,1,0,1,BGTile (3).png
,1337.51,490.577,150,150,1,1,0,1,BGTile (4).png
,1782.08,490.577,150,150,1,1,0,1,BGTile (3).png
,1188.32,490.577,150,150,1,1,0,1,BGTile (3).png
,-1.44771,490.577,150,150,1,1,0,1,BGTile (3).png
,294.89,490.577,150,150,1,1,0,1,BGTile (3).png
,1190.61,635.624,150,150,1,1,0,1,BGTile (4).png
,1340.08,635.663,150,150,1,1,0,1,BGTile (3).png
,296.31,639.054,150,152.9,1,1,0,1,BGTile (4).png
,445.786,635.663,150,150,1,1,0,1,BGTile (3).png
,-0.661588,640.032,150,150,1,1,0,1,BGTile (4).png
,147.407,638.814,150,150,1,1,0,1,BGTile (3).png
,893.794,635.624,150,150,1,1,0,1,BGTile (4).png
,1043.27,635.663,150,150,1,1,0,1,BGTile (3).png
,596.037,635.624,150,150,1,1,0,1,BGTile (4).png
,745.512,630.663,150,150,1,1,0,1,BGTile (3).png
,1488.36,927.381,150,150,1,1,0,1,BGTile (4).png
,2226.16,635.624,150,150,1,1,0,1,BGTile (4).png
,3419.87,637.086,150,150,1,1,0,1,BGTile (4).png
Starting Fence,487.196,680.936,110,110,1,1,0,1,Fence (3).png
Starting Fence,379.45,680.936,110,110,1,1,0,1,Fence (2).png
Starting Platform Collider,1198.52,788.616,662.3,56.2,0,1,0,1,
Starting Platform,328.099,792.444,110,110,1,1,0,1,Tile (2).png
Starting Platform,761.518,792.538,110,110,1,1,0,1,Tile (2).png
,-1.00428,905.015,4000,200,0,1,0,1,Acid (2).png
Starting Platform,2.16665,792.538,110,110,1,1,0,1,Tile (2).png
Starting Platform,217.716,792.538,110,110,1,1,0,1,Tile (2).png
Starting Platform,109.433,792.448,110,110,1,1,0,1,Tile (2).png
Starting Fence,271.367,680.67,110,110,1,1,0,1,Fence (1).png
Starting Pipe,17.1052,693.606,75,100,0,1,0,1,Wall.png
ACID DEATH,2402.02,798.06,110,110,1,1,0,1,Acid (1).png
ACID DEATH,2183.33,798.06,110,110,1,1,0,1,Acid (1).png
ACID DEATH,2293.58,798.06,110,110,1,1,0,1,Acid (1).png
Starting Platform,653.235,792.448,110,110,1,1,0,1,Tile (2).png
Starting Platform,543.648,792.538,110,110,1,1,0,1,Tile (2).png
Starting Platform,435.365,792.448,110,110,1,1,0,1,Tile (2).png
,1199.68,789.167,325.9,112.5,0,1,0,1,
Ending Tiles,3602.96,518.32,110,110,0,1,0,1,Tile (5).png
Ending Tiles,3602.25,408.696,110,110,0,1,0,1,Tile (2).png
Ending Tiles,3716.53,-18.8628,110,110,1,1,0,1,Tile (5).png
Ending Tiles,3498.24,518.32,110,110,0,1,0,1,Tile (5).png
Ending Tiles,3498.52,408.696,110,110,0,1,0,1,Tile (2).png
Ending Tiles,3716.53,86.681,110,110,0,1,0,1,Tile (5).png
Ending Tiles,3716.53,413.508,110,110,0,1,0,1,Tile (5).png
Ending Tiles,3716.53,519.051,110,110,0,1,0,1,Tile (5).png
Ending Tiles,3716.53,197.96,110,110,0,1,0,1,Tile (5).png
Ending Tiles,3716.53,303.504,110,110,0,1,0,1,Tile (5).png
Ending Tiles,3605.41,-19.3276,110,110,1,1,0,1,Tile (5).png
Ending Tiles,3498.44,-20.2369,110,110,1,1,0,1,Tile (5).png
Ending Tiles,3389.75,-19.3276,110,110,1,1,0,1,Tile (5).png
Ending Tiles,3286.11,-20.2369,110,110,1,1,0,1,Tile (5).png
Ending Tiles,3388.77,408.696,110,110,0,1,0,1,Tile (2).png
Ending Tiles,3389.01,519.051,110,110,0,1,0,1,Tile (5).png
GO FLAG,3582.16,256.882,100,150,1,0,1,0,pngkey.com-red-flag-png-920427.png
Ending Floor Collider,3388.55,406.882,323.6,222.7,0,1,0,1,
Bounce Pad #2 4,2083.74,306.832,110,110,1,1,0,1,Tile (13).png
Bounce Pad #2 1,1897.35,648.784,110,110,1,1,0,1,Tile (13).png
Bounce Pad #2 2,2098.99,560.825,110,110,1,1,0,1,Tile (13).png
Bounce Pad #2 3,1889.08,430.972,110,110,1,1,0,1,Tile (13).png
Bounce Pad #2 5,1892.05,206.803,110,110,1,1,0,1,Tile (13).png
Bounce Pad #2 6,2077.04,100.143,110,110,1,1,0,1,Tile (13).png
Bounce Pad #2 6 Trigger ,2076.65,99.4653,110,50,0,1,0,1,
Bounce Pad #2 1 Trigger ,1896.67,647.783,110,50,0,1,0,1,
Bounce Pad #2 2 Trigger ,2098.33,559.46,110,50,0,1,0,1,
Bounce Pad #2 3 Trigger ,1888.33,431.131,110,50,0,1,0,1,
Bounce Pad #2 4 Trigger ,2083.33,306.132,110,50,0,1,0,1,
Bounce Pad #2 5 Trigger ,1891.66,206.132,110,50,0,1,0,1,
First Middle Platform,704.996,73.2973,110,110,1,1,0,1,Tile (5).png
First Middle Platform,591.661,73.2973,110,110,1,1,0,1,Tile (5).png
First Middle Platform,479.994,73.2973,110,110,1,1,0,1,Tile (5).png
First Middle Platform,366.661,73.2973,110,110,1,1,0,1,Tile (5).png
First Middle Platform,251.662,73.2973,110,110,1,1,0,1,Tile (5).png
First Middle Platform,144.995,411.63,110,110,1,1,0,1,Tile (5).png
First Middle Platform,144.995,298.297,110,110,1,1,0,1,Tile (5).png
First Middle Platform,144.995,188.297,110,110,1,1,0,1,Tile (5).png
First Middle Platform,144.995,73.2973,110,110,1,1,0,1,Tile (5).png
First Middle Platform,704.996,411.63,110,110,1,1,0,1,Tile (5).png
First Middle Platform,591.661,411.63,110,110,1,1,0,1,Tile (5).png
First Middle Platform,479.994,411.63,110,110,1,1,0,1,Tile (5).png
First Middle Platform,366.661,411.63,110,110,1,1,0,1,Tile (5).png
First Middle Platform,251.662,411.63,110,110,1,1,0,1,Tile (5).png
FM PLATFORM TRIGGER,145.348,408.207,671,110,0,1,0,1,
SPIKE DEATH,371.796,18.3,100,54.1,1,1,0,1,Spike.png
FM PLATFORM TRIGGER TOP,145.348,73.2074,671,110,0,1,0,1,
FM PLATFORM SIDE,144,202.412,110,200,0,1,0,1,
MDIDDLE BOTTOM PLATFORM,1417.73,792.448,110,110,1,1,0,1,Tile (2).png
MDIDDLE BOTTOM PLATFORM,1308.15,792.538,110,110,1,1,0,1,Tile (2).png
MDIDDLE BOTTOM PLATFORM,1199.86,792.448,110,110,1,1,0,1,Tile (2).png
MDIDDLE BOTTOM PLATFORM,1746.05,792.448,110,110,1,1,0,1,Tile (2).png
MDIDDLE BOTTOM PLATFORM,1636.47,792.538,110,110,1,1,0,1,Tile (2).png
MDIDDLE BOTTOM PLATFORM,1528.18,792.448,110,110,1,1,0,1,Tile (2).png
Bounce Pad 4,1097.09,308.499,110,110,1,1,0,1,Tile (13).png
Bounce Pad 1,910.705,650.451,110,110,1,1,0,1,Tile (13).png
Bounce Pad 2,1079.01,567.492,110,110,1,1,0,1,Tile (13).png
Bounce Pad 3,902.432,432.639,110,110,1,1,0,1,Tile (13).png
Bounce Pad 5,905.407,208.47,110,110,1,1,0,1,Tile (13).png
Bounce Pad 6,1090.4,101.81,110,110,1,1,0,1,Tile (13).png
Bounce Pad 6 Trigger ,1090.01,101.132,110,50,0,1,0,1,
Bounce Pad 1 Trigger ,910.021,649.45,110,50,0,1,0,1,
Bounce Pad 2 Trigger ,1078.35,566.127,110,50,0,1,0,1,
Bounce Pad 3 Trigger ,901.681,432.798,110,50,0,1,0,1,
Bounce Pad 4 Trigger ,1096.68,307.799,110,50,0,1,0,1,
Bounce Pad 5 Trigger ,905.014,207.799,110,50,0,1,0,1,
Collectable,279,234.256,50,50,1,0,1,1,Collectable.png
Collectable,167.334,-9.07728,50,50,1,0,1,1,Collectable.png
Collectable,1587.32,584.256,50,50,1,0,1,1,Collectable.png
ACID DEATH,1090.36,798.06,110,110,1,1,0,1,Acid (1).png
ACID DEATH,871.68,798.06,110,110,1,1,0,1,Acid (1).png
ACID DEATH,981.926,798.06,110,110,1,1,0,1,Acid (1).png
ACID DEATH,3710.41,798.06,147.6,111.4,1,1,0,1,Acid (1).png
ACID DEATH,3491.73,798.06,147.6,111.4,1,1,0,1,Acid (1).png
ACID DEATH,3601.98,798.06,147.6,111.4,1,1,0,1,Acid (1).png
MIDDLE MAP TOP PLATFORM,2722.67,285.943,110,110,1,1,0,1,Tile (5).png
MIDDLE MAP TOP PLATFORM,2392.64,285.943,110,110,1,1,0,1,Tile (5).png
MIDDLE MAP TOP PLATFORM,2282.65,285.943,110,110,1,1,0,1,Tile (5).png
MIDDLE MAP TOP PLATFORM,2612.66,285.943,110,110,1,1,0,1,Tile (5).png
MIDDLE MAP TOP PLATFORM,2502.65,285.943,110,110,1,1,0,1,Tile (5).png
MIDDLE MAP PLATFORM,2709.33,672.61,110,110,1,1,0,1,Tile (5).png
MIDDLE MAP PLATFORM,2379.31,672.61,110,110,1,1,0,1,Tile (5).png
MIDDLE MAP PLATFORM,2269.3,672.61,110,110,1,1,0,1,Tile (5).png
MIDDLE MAP PLATFORM,2599.33,672.61,110,110,1,1,0,1,Tile (5).png
MIDDLE MAP PLATFORM,2489.32,672.61,110,110,1,1,0,1,Tile (5).png
Barrel Green,1681.97,692.268,75,100,0,1,0,1,Barrel (2).png
Barrel Red,1468.64,692.268,75,100,0,1,0,1,Barrel (1).png
middle top trigger,1279.23,75.5858,550,110,0,1,0,1,
middle middle trigger,2282.55,285.586,550,110,0,1,0,1,
BOX,1491.76,357.175,100,100,0,1,0,1,Box.png
SWITCH,2286.76,137.333,65,150,1,1,0,1,Switch (2).png
SWITCH,2288.43,520.666,65,150,1,1,0,1,Switch (1).png
SPIKE DEATH,2441.8,618.3,100,54.1,0,1,0,1,Spike.png
SPIKE DEATH,596.796,356.633,100,54.1,0,1,0,1,Spike.png
BOX,2605.11,-46.158,100,100,0,1,0,1,Box.png
SPIKE DEATH,1385.13,404.966,100,54.1,0,1,0,1,Spike.png
Collectable,40.6669,294.256,50,50,1,0,1,1,Collectable.png
Collectable,3640.72,-107.411,50,50,1,0,1,1,Collectable.png
Route To End COIN ,3035.41,51.6486,110,110,1,1,0,1,Tile (10).png
Route To End COIN ,2927.07,51.6486,110,110,1,1,0,1,Tile (10).png
Route To End COIN ,2818.74,51.6486,110,110,1,1,0,1,Tile (10).png
Route To End COIN ,2710.4,51.6486,110,110,1,1,0,1,Tile (10).png
Route To End COIN ,2598.73,51.6486,110,110,1,1,0,1,Tile (10).png
Route To End COIN ,2490.39,51.6486,110,110,1,1,0,1,Tile (10).png
Route To End COIN ,2382.05,51.6486,110,110,1,1,0,1,Tile (10).png
Route To End COIN ,2273.71,51.6486,110,110,1,1,0,1,Tile (10).png
ROUTE TO END TRIGGER,2273.62,52.9751,871.8,49.6,0,1,0,1,
LAST COIN TRIGGER,3285.17,-22.0573,550,110,0,1,0,1,
SPIKE DEATH,1601.79,19.9666,100,54.1,0,1,0,1,Spike.png
SPIKE DEATH,2710.14,-8.36671,100,54.1,0,1,0,1,Spike.png
BOX,1491.76,-24.4914,100,100,0,1,0,1,Box.png
SPIKE DEATH,2501.79,-8.36671,100,54.1,1,1,0,1,Spike.png
Barrel Red,2596.92,195.109,75,92.4,0,1,0,1,Barrel (2).png
MIDDLE MAP TOP PLATFORM,1719.31,72.6092,110,110,1,1,0,1,Tile (5).png
MIDDLE MAP TOP PLATFORM,1389.31,72.6092,110,110,1,1,0,1,Tile (5).png
MIDDLE MAP TOP PLATFORM,1279.32,72.6092,110,110,1,1,0,1,Tile (5).png
MIDDLE MAP TOP PLATFORM,1609.31,72.6092,110,110,1,1,0,1,Tile (5).png
MIDDLE MAP TOP PLATFORM,1499.31,72.6092,110,110,1,1,0,1,Tile (5).png
MIDDLE MAP PLATFORM,1705.97,459.275,110,110,1,1,0,1,Tile (5).png
MIDDLE MAP PLATFORM,1375.98,459.275,110,110,1,1,0,1,Tile (5).png
MIDDLE MAP PLATFORM,1265.98,459.275,110,110,1,1,0,1,Tile (5).png
MIDDLE MAP PLATFORM,1595.98,459.275,110,110,1,1,0,1,Tile (5).png
MIDDLE MAP PLATFORM,1485.98,459.275,110,110,1,1,0,1,Tile (5).png
middle top trigger,1279.23,75.5858,550,110,0,1,0,1,
middle middle trigger,1265.89,458.918,550,110,0,1,0,1,
SPIKE DEATH,3401.84,-73.3667,100,54.1,0,1,0,1,Spike.png
middle middle trigger,2269.22,672.253,550,110,0,1,0,1,
ACID DEATH,2077,798.06,110,110,1,1,0,1,Acid (1).png
ACID DEATH,1858.33,798.06,110,110,1,1,0,1,Acid (1).png
ACID DEATH,1968.57,798.06,110,110,1,1,0,1,Acid (1).png
ACID DEATH,2728.7,798.06,110,110,1,1,0,1,Acid (1).png
ACID DEATH,2510.01,798.06,110,110,1,1,0,1,Acid (1).png
ACID DEATH,2620.26,798.06,110,110,1,1,0,1,Acid (1).png
ACID DEATH,3058.71,798.06,110,110,1,1,0,1,Acid (1).png
ACID DEATH,2840.03,798.06,110,110,1,1,0,1,Acid (1).png
ACID DEATH,2950.28,798.06,110,110,1,1,0,1,Acid (1).png
ACID DEATH,3387.06,798.06,110,110,1,1,0,1,Acid (1).png
ACID DEATH,3168.38,798.06,110,110,1,1,0,1,Acid (1).png
ACID DEATH,3278.63,798.06,110,110,1,1,0,1,Acid (1).png
Last Platform,3132.05,372.67,90,90,0,1,0,1,Tile (2).png
Last Platform,2952.04,372.67,90,90,0,1,0,1,Tile (2).png
Last Platform,3222.06,372.67,90,90,0,1,0,1,Tile (2).png
Last Platform,3042.05,372.67,90,90,0,1,0,1,Tile (2).png
LAST JUMP PAD,2851.81,485.089,90,90,1,1,0,1,Tile (13).png
LAST JUMP PAD,2755.14,566.757,90,90,1,1,0,1,Tile (13).png
LAST JUMP PAD TRIGGER,2851.31,484.896,90,50,0,1,0,1,
LAST JUMP PAD TRIGGER,2754.64,566.563,90,50,0,1,0,1,
SWITCH,1746.76,309,65,150,1,1,0,1,Switch (2).png
SWITCH,1746.76,-77.6663,65,150,1,1,0,1,Switch (1).png
SPIKE DEATH,1561.79,736.635,100,54.1,0,1,0,1,Spike.png
Barrel Red,2963.6,-48.2247,75,100,0,1,0,1,Barrel (1).png
Collectable,1340.66,-19.0774,50,50,1,0,1,1,Collectable.png
Collectable,2610.67,552.589,50,50,1,0,1,1,Collectable.png
Starting Platform,0.837,790.463,880,110,0,1,0,1,
Wall,3821.6,-42.795,14,17.3,1,1,0,1,
Wall,482.414,45.874,14,17.3,1,1,0,1,
Wall,805.251,50.7073,14,17.3,1,1,0,1,
Wall,573.581,387.374,14,17.3,1,1,0,1,
Wall,265.249,380.707,14,17.3,1,1,0,1,
Wall,1201.91,762.54,14,17.3,1,1,0,1,
Wall,1443.58,764.207,14,17.3,1,1,0,1,
Wall,2280.07,259.205,14,17.3,1,1,0,1,
Wall,2571.75,260.872,14,17.3,1,1,0,1,
Wall,3509.92,-46.1283,14,17.3,1,1,0,1,
